tauNMXiF0 [3 x 27] 5
   -0.5883    26.5303   -33.9472    10.9383    -0.1840     8.8807   -20.0889    10.4017     0.1657    -6.6410     8.2686    -2.2420
    0.0000     0.0000     0.0000     0.0000    -0.0118     1.7375    -0.9744    -0.2627    -0.0361     1.3401    -2.7576     1.6410
    0.0000     0.0000     0.0000     0.0000     0.0000     0.0000     0.0000     0.0000    -0.0466     1.0143     1.5924    -1.8253
   -0.5683    26.5303   -33.9472    10.9383    -0.1640     8.8807   -20.0889    10.4017     0.1857    -6.6410     8.2686    -2.2420
    0.0000     0.0000     0.0000     0.0000     0.0082     1.7375    -0.9744    -0.2627    -0.0161     1.3401    -2.7576     1.6410
    0.0000     0.0000     0.0000     0.0000     0.0000     0.0000     0.0000     0.0000    -0.0266     1.0143     1.5924    -1.8253
   -0.5883    26.5504   -33.9472    10.9383    -0.1840     8.9007   -20.0889    10.4017     0.1657    -6.6210     8.2686    -2.2420
    0.0000     0.0000     0.0000     0.0000    -0.0118     1.7575    -0.9744    -0.2627    -0.0361     1.3601    -2.7576     1.6410
    0.0000     0.0000     0.0000     0.0000     0.0000     0.0000     0.0000     0.0000    -0.0466     1.0343     1.5924    -1.8253
   -0.5883    26.5303   -33.9272    10.9383    -0.1840     8.8807   -20.0689    10.4017     0.1657    -6.6410     8.2886    -2.2420
    0.0000     0.0000     0.0000     0.0000    -0.0118     1.7375    -0.9544    -0.2627    -0.0361     1.3401    -2.7376     1.6410
    0.0000     0.0000     0.0000     0.0000     0.0000     0.0000     0.0000     0.0000    -0.0466     1.0143     1.6124    -1.8253
   -0.5883    26.5303   -33.9472    10.9583    -0.1840     8.8807   -20.0889    10.4217     0.1657    -6.6410     8.2686    -2.2220
    0.0000     0.0000     0.0000     0.0000    -0.0118     1.7375    -0.9744    -0.2427    -0.0361     1.3401    -2.7576     1.6610
    0.0000     0.0000     0.0000     0.0000     0.0000     0.0000     0.0000     0.0000    -0.0466     1.0143     1.5924    -1.8053
   -0.5883    26.5303   -33.9472    10.9383    -0.1840     8.8807   -20.0889    10.4017     0.1657    -6.6410     8.2686    -2.2420
    0.0000     0.0000     0.0000     0.0000    -0.0118     1.7375    -0.9744    -0.2627    -0.0361     1.3401    -2.7576     1.6410
    0.0000     0.0000     0.0000     0.0000     0.0000     0.0000     0.0000     0.0000    -0.0466     1.0143     1.5924    -1.8253
    0.0000     0.0000     0.0000     0.0000     0.0000     0.0000     0.0000     0.0000     0.0000     0.0000     0.0000     0.0000
    0.0000     0.0000     0.0000     0.0000     0.0000     0.0000     0.0000     0.0000     0.0000     0.0000     0.0000     0.0000
    0.0000     0.0000     0.0000     0.0000     0.0000     0.0000     0.0000     0.0000     0.0000     0.0000     0.0000     0.0000
    0.0000     0.0000     0.0000     0.0000     0.0000     0.0000     0.0000     0.0000     0.0000     0.0000     0.0000     0.0000
    0.0000     0.0000     0.0000     0.0000     0.0000     0.0000     0.0000     0.0000     0.0000     0.0000     0.0000     0.0000
    0.0000     0.0000     0.0000     0.0000     0.0000     0.0000     0.0000     0.0000     0.0000     0.0000     0.0000     0.0000
    0.0000     0.0000     0.0000     0.0000     0.0000     0.0000     0.0000     0.0000     0.0000     0.0000     0.0000     0.0000
    0.0000     0.0000     0.0000     0.0000     0.0000     0.0000     0.0000     0.0000     0.0000     0.0000     0.0000     0.0000
    0.0000     0.0000     0.0000     0.0000     0.0000     0.0000     0.0000     0.0000     0.0000     0.0000     0.0000     0.0000
{"varName":"tauNMXiF0","savedAt":"2026-05-06T09:57:34.622Z","value":{"__backupType":"texture2D","w":3,"h":27,"dim":4,"format":[6408,34836,5126],"unit":4,"program":5,"data":[-0.5883461833000183,26.530349731445312,-33.94719696044922,10.938318252563477,-0.18400543928146362,8.880731582641602,-20.088855743408203,10.401741027832031,0.16573075950145721,-6.640984535217285,8.268585205078125,-2.2419626712799072,0,0,0,0,-0.011840125545859337,1.7374964952468872,-0.9743574857711792,-0.2627064883708954,-0.03611822426319122,1.3400797843933105,-2.757553815841675,1.6409708261489868,0,0,0,0,0,0,0,0,-0.046561338007450104,1.0142762660980225,1.5923786163330078,-1.8252811431884766,-0.5683462023735046,26.530349731445312,-33.94719696044922,10.938318252563477,-0.16400544345378876,8.880731582641602,-20.088855743408203,10.401741027832031,0.18573075532913208,-6.640984535217285,8.268585205078125,-2.2419626712799072,0,0,0,0,0.008159874007105827,1.7374964952468872,-0.9743574857711792,-0.2627064883708954,-0.01611822471022606,1.3400797843933105,-2.757553815841675,1.6409708261489868,0,0,0,0,0,0,0,0,-0.02656133845448494,1.0142762660980225,1.5923786163330078,-1.8252811431884766,-0.5883461833000183,26.550350189208984,-33.94719696044922,10.938318252563477,-0.18400543928146362,8.900732040405273,-20.088855743408203,10.401741027832031,0.16573075950145721,-6.6209845542907715,8.268585205078125,-2.2419626712799072,0,0,0,0,-0.011840125545859337,1.7574964761734009,-0.9743574857711792,-0.2627064883708954,-0.03611822426319122,1.3600797653198242,-2.757553815841675,1.6409708261489868,0,0,0,0,0,0,0,0,-0.046561338007450104,1.0342762470245361,1.5923786163330078,-1.8252811431884766,-0.5883461833000183,26.530349731445312,-33.92719650268555,10.938318252563477,-0.18400543928146362,8.880731582641602,-20.06885528564453,10.401741027832031,0.16573075950145721,-6.640984535217285,8.288585662841797,-2.2419626712799072,0,0,0,0,-0.011840125545859337,1.7374964952468872,-0.9543575048446655,-0.2627064883708954,-0.03611822426319122,1.3400797843933105,-2.737553834915161,1.6409708261489868,0,0,0,0,0,0,0,0,-0.046561338007450104,1.0142762660980225,1.6123785972595215,-1.8252811431884766,-0.5883461833000183,26.530349731445312,-33.94719696044922,10.958318710327148,-0.18400543928146362,8.880731582641602,-20.088855743408203,10.421741485595703,0.16573075950145721,-6.640984535217285,8.268585205078125,-2.2219626903533936,0,0,0,0,-0.011840125545859337,1.7374964952468872,-0.9743574857711792,-0.24270649254322052,-0.03611822426319122,1.3400797843933105,-2.757553815841675,1.6609708070755005,0,0,0,0,0,0,0,0,-0.046561338007450104,1.0142762660980225,1.5923786163330078,-1.805281162261963,-0.5883461833000183,26.530349731445312,-33.94719696044922,10.938318252563477,-0.18400543928146362,8.880731582641602,-20.088855743408203,10.401741027832031,0.16573075950145721,-6.640984535217285,8.268585205078125,-2.2419626712799072,0,0,0,0,-0.011840125545859337,1.7374964952468872,-0.9743574857711792,-0.2627064883708954,-0.03611822426319122,1.3400797843933105,-2.757553815841675,1.6409708261489868,0,0,0,0,0,0,0,0,-0.046561338007450104,1.0142762660980225,1.5923786163330078,-1.8252811431884766,0,0,0,0,0,0,0,0,0,0,0,0,0,0,0,0,0,0,0,0,0,0,0,0,0,0,0,0,0,0,0,0,0,0,0,0,0,0,0,0,0,0,0,0,0,0,0,0,0,0,0,0,0,0,0,0,0,0,0,0,0,0,0,0,0,0,0,0,0,0,0,0,0,0,0,0,0,0,0,0,0,0,0,0,0,0,0,0,0,0,0,0,0,0,0,0,0,0,0,0,0,0,0,0,0,0,0,0]}}