tauNMXiS0 [3 x 27] 5
    0.4429     0.0000     0.0000     0.0000     0.3788     0.0000     0.0000     0.0000     0.6412     0.0000     0.0000     0.0000
    0.0000     0.0000     0.0000     0.0000     0.4906     0.0000     0.0000     0.0000     0.5154     0.0000     0.0000     0.0000
    0.0000     0.0000     0.0000     0.0000     0.0000     0.0000     0.0000     0.0000     0.5511     0.0000     0.0000     0.0000
    0.4429     0.0000     0.0000     0.0000     0.3788     0.0000     0.0000     0.0000     0.6412     0.0000     0.0000     0.0000
    0.0000     0.0000     0.0000     0.0000     0.4906     0.0000     0.0000     0.0000     0.5154     0.0000     0.0000     0.0000
    0.0000     0.0000     0.0000     0.0000     0.0000     0.0000     0.0000     0.0000     0.5511     0.0000     0.0000     0.0000
    0.4429     0.0000     0.0000     0.0000     0.3788     0.0000     0.0000     0.0000     0.6412     0.0000     0.0000     0.0000
    0.0000     0.0000     0.0000     0.0000     0.4906     0.0000     0.0000     0.0000     0.5154     0.0000     0.0000     0.0000
    0.0000     0.0000     0.0000     0.0000     0.0000     0.0000     0.0000     0.0000     0.5511     0.0000     0.0000     0.0000
    0.4429     0.0000     0.0000     0.0000     0.3788     0.0000     0.0000     0.0000     0.6412     0.0000     0.0000     0.0000
    0.0000     0.0000     0.0000     0.0000     0.4906     0.0000     0.0000     0.0000     0.5154     0.0000     0.0000     0.0000
    0.0000     0.0000     0.0000     0.0000     0.0000     0.0000     0.0000     0.0000     0.5511     0.0000     0.0000     0.0000
    0.4429     0.0000     0.0000     0.0000     0.3788     0.0000     0.0000     0.0000     0.6412     0.0000     0.0000     0.0000
    0.0000     0.0000     0.0000     0.0000     0.4906     0.0000     0.0000     0.0000     0.5154     0.0000     0.0000     0.0000
    0.0000     0.0000     0.0000     0.0000     0.0000     0.0000     0.0000     0.0000     0.5511     0.0000     0.0000     0.0000
    0.4629     0.0000     0.0000     0.0000     0.3988     0.0000     0.0000     0.0000     0.6612     0.0000     0.0000     0.0000
    0.0000     0.0000     0.0000     0.0000     0.5106     0.0000     0.0000     0.0000     0.5354     0.0000     0.0000     0.0000
    0.0000     0.0000     0.0000     0.0000     0.0000     0.0000     0.0000     0.0000     0.5711     0.0000     0.0000     0.0000
    0.0000     0.0000     0.0000     0.0000     0.0000     0.0000     0.0000     0.0000     0.0000     0.0000     0.0000     0.0000
    0.0000     0.0000     0.0000     0.0000     0.0000     0.0000     0.0000     0.0000     0.0000     0.0000     0.0000     0.0000
    0.0000     0.0000     0.0000     0.0000     0.0000     0.0000     0.0000     0.0000     0.0000     0.0000     0.0000     0.0000
    0.0000     0.0000     0.0000     0.0000     0.0000     0.0000     0.0000     0.0000     0.0000     0.0000     0.0000     0.0000
    0.0000     0.0000     0.0000     0.0000     0.0000     0.0000     0.0000     0.0000     0.0000     0.0000     0.0000     0.0000
    0.0000     0.0000     0.0000     0.0000     0.0000     0.0000     0.0000     0.0000     0.0000     0.0000     0.0000     0.0000
    0.0000     0.0000     0.0000     0.0000     0.0000     0.0000     0.0000     0.0000     0.0000     0.0000     0.0000     0.0000
    0.0000     0.0000     0.0000     0.0000     0.0000     0.0000     0.0000     0.0000     0.0000     0.0000     0.0000     0.0000
    0.0000     0.0000     0.0000     0.0000     0.0000     0.0000     0.0000     0.0000     0.0000     0.0000     0.0000     0.0000
{"varName":"tauNMXiS0","savedAt":"2026-05-06T09:58:15.420Z","value":{"__backupType":"texture2D","w":3,"h":27,"dim":4,"format":[6408,34836,5126],"unit":5,"program":5,"data":[0.44294479489326477,0,0,0,0.37884220480918884,0,0,0,0.6412489414215088,0,0,0,0,0,0,0,0.49061328172683716,0,0,0,0.5154006481170654,0,0,0,0,0,0,0,0,0,0,0,0.5511485934257507,0,0,0,0.44294479489326477,0,0,0,0.37884220480918884,0,0,0,0.6412489414215088,0,0,0,0,0,0,0,0.49061328172683716,0,0,0,0.5154006481170654,0,0,0,0,0,0,0,0,0,0,0,0.5511485934257507,0,0,0,0.44294479489326477,0,0,0,0.37884220480918884,0,0,0,0.6412489414215088,0,0,0,0,0,0,0,0.49061328172683716,0,0,0,0.5154006481170654,0,0,0,0,0,0,0,0,0,0,0,0.5511485934257507,0,0,0,0.44294479489326477,0,0,0,0.37884220480918884,0,0,0,0.6412489414215088,0,0,0,0,0,0,0,0.49061328172683716,0,0,0,0.5154006481170654,0,0,0,0,0,0,0,0,0,0,0,0.5511485934257507,0,0,0,0.44294479489326477,0,0,0,0.37884220480918884,0,0,0,0.6412489414215088,0,0,0,0,0,0,0,0.49061328172683716,0,0,0,0.5154006481170654,0,0,0,0,0,0,0,0,0,0,0,0.5511485934257507,0,0,0,0.46294480562210083,0,0,0,0.3988422155380249,0,0,0,0.6612489223480225,0,0,0,0,0,0,0,0.5106132626533508,0,0,0,0.5354006290435791,0,0,0,0,0,0,0,0,0,0,0,0.5711485743522644,0,0,0,0,0,0,0,0,0,0,0,0,0,0,0,0,0,0,0,0,0,0,0,0,0,0,0,0,0,0,0,0,0,0,0,0,0,0,0,0,0,0,0,0,0,0,0,0,0,0,0,0,0,0,0,0,0,0,0,0,0,0,0,0,0,0,0,0,0,0,0,0,0,0,0,0,0,0,0,0,0,0,0,0,0,0,0,0,0,0,0,0,0,0,0,0,0,0,0,0,0,0,0,0,0,0,0,0,0,0,0]}}