tauNMCost [3 x 27] 5
1000000000.0000     0.0000     0.0000     1.0000     0.0000     0.0000     0.0000     0.0000     0.0000     0.0000     0.0000     0.0000
1000000000.0000     0.0000     0.0000     1.0000     0.0000     0.0000     0.0000     0.0000     0.0000     0.0000     0.0000     0.0000
1000000000.0000     0.0000     0.0000     1.0000     0.0000     0.0000     0.0000     0.0000     0.0000     0.0000     0.0000     0.0000
1000000000.0000     0.0000     0.0000     1.0000     0.0000     0.0000     0.0000     0.0000     0.0000     0.0000     0.0000     0.0000
1000000000.0000     0.0000     0.0000     1.0000     0.0000     0.0000     0.0000     0.0000     0.0000     0.0000     0.0000     0.0000
1000000000.0000     0.0000     0.0000     1.0000     0.0000     0.0000     0.0000     0.0000     0.0000     0.0000     0.0000     0.0000
1000000000.0000     0.0000     0.0000     1.0000     0.0000     0.0000     0.0000     0.0000     0.0000     0.0000     0.0000     0.0000
1000000000.0000     0.0000     0.0000     1.0000     0.0000     0.0000     0.0000     0.0000     0.0000     0.0000     0.0000     0.0000
1000000000.0000     0.0000     0.0000     1.0000     0.0000     0.0000     0.0000     0.0000     0.0000     0.0000     0.0000     0.0000
1000000000.0000     0.0000     0.0000     1.0000     0.0000     0.0000     0.0000     0.0000     0.0000     0.0000     0.0000     0.0000
1000000000.0000     0.0000     0.0000     1.0000     0.0000     0.0000     0.0000     0.0000     0.0000     0.0000     0.0000     0.0000
1000000000.0000     0.0000     0.0000     1.0000     0.0000     0.0000     0.0000     0.0000     0.0000     0.0000     0.0000     0.0000
1000000000.0000     0.0000     0.0000     1.0000     0.0000     0.0000     0.0000     0.0000     0.0000     0.0000     0.0000     0.0000
1000000000.0000     0.0000     0.0000     1.0000     0.0000     0.0000     0.0000     0.0000     0.0000     0.0000     0.0000     0.0000
1000000000.0000     0.0000     0.0000     1.0000     0.0000     0.0000     0.0000     0.0000     0.0000     0.0000     0.0000     0.0000
1000000000.0000     0.0000     0.0000     1.0000     0.0000     0.0000     0.0000     0.0000     0.0000     0.0000     0.0000     0.0000
1000000000.0000     0.0000     0.0000     1.0000     0.0000     0.0000     0.0000     0.0000     0.0000     0.0000     0.0000     0.0000
1000000000.0000     0.0000     0.0000     1.0000     0.0000     0.0000     0.0000     0.0000     0.0000     0.0000     0.0000     0.0000
1000000000.0000     0.0000     0.0000     1.0000     0.0000     0.0000     0.0000     0.0000     0.0000     0.0000     0.0000     0.0000
1000000000.0000     0.0000     0.0000     1.0000     0.0000     0.0000     0.0000     0.0000     0.0000     0.0000     0.0000     0.0000
1000000000.0000     0.0000     0.0000     1.0000     0.0000     0.0000     0.0000     0.0000     0.0000     0.0000     0.0000     0.0000
1000000000.0000     0.0000     0.0000     1.0000     0.0000     0.0000     0.0000     0.0000     0.0000     0.0000     0.0000     0.0000
1000000000.0000     0.0000     0.0000     1.0000     0.0000     0.0000     0.0000     0.0000     0.0000     0.0000     0.0000     0.0000
1000000000.0000     0.0000     0.0000     1.0000     0.0000     0.0000     0.0000     0.0000     0.0000     0.0000     0.0000     0.0000
1000000000.0000     0.0000     0.0000     1.0000     0.0000     0.0000     0.0000     0.0000     0.0000     0.0000     0.0000     0.0000
1000000000.0000     0.0000     0.0000     1.0000     0.0000     0.0000     0.0000     0.0000     0.0000     0.0000     0.0000     0.0000
1000000000.0000     0.0000     0.0000     1.0000     0.0000     0.0000     0.0000     0.0000     0.0000     0.0000     0.0000     0.0000
{"varName":"tauNMCost","savedAt":"2026-05-06T09:58:14.401Z","value":{"__backupType":"texture2D","w":3,"h":27,"dim":4,"format":[6408,34836,5126],"unit":11,"program":5,"data":[1000000000,0,0,1,0,0,0,0,0,0,0,0,1000000000,0,0,1,0,0,0,0,0,0,0,0,1000000000,0,0,1,0,0,0,0,0,0,0,0,1000000000,0,0,1,0,0,0,0,0,0,0,0,1000000000,0,0,1,0,0,0,0,0,0,0,0,1000000000,0,0,1,0,0,0,0,0,0,0,0,1000000000,0,0,1,0,0,0,0,0,0,0,0,1000000000,0,0,1,0,0,0,0,0,0,0,0,1000000000,0,0,1,0,0,0,0,0,0,0,0,1000000000,0,0,1,0,0,0,0,0,0,0,0,1000000000,0,0,1,0,0,0,0,0,0,0,0,1000000000,0,0,1,0,0,0,0,0,0,0,0,1000000000,0,0,1,0,0,0,0,0,0,0,0,1000000000,0,0,1,0,0,0,0,0,0,0,0,1000000000,0,0,1,0,0,0,0,0,0,0,0,1000000000,0,0,1,0,0,0,0,0,0,0,0,1000000000,0,0,1,0,0,0,0,0,0,0,0,1000000000,0,0,1,0,0,0,0,0,0,0,0,1000000000,0,0,1,0,0,0,0,0,0,0,0,1000000000,0,0,1,0,0,0,0,0,0,0,0,1000000000,0,0,1,0,0,0,0,0,0,0,0,1000000000,0,0,1,0,0,0,0,0,0,0,0,1000000000,0,0,1,0,0,0,0,0,0,0,0,1000000000,0,0,1,0,0,0,0,0,0,0,0,1000000000,0,0,1,0,0,0,0,0,0,0,0,1000000000,0,0,1,0,0,0,0,0,0,0,0,1000000000,0,0,1,0,0,0,0,0,0,0,0]}}